#ChipScope Pro Analyzer Project File, Version 3.0
#Tue Apr 19 10:53:08 UTC 2022
mdiAreaHeight=0.6994609164420486
mdiAreaHeightLast=0.6994609164420486
mdiCount=0
navigatorHeight=0.1792452830188679
navigatorHeightLast=0.1792452830188679
navigatorWidth=0.18
navigatorWidthLast=0.18
signalDisplayPath=0
unit.-1.-1.username=
